7.238800755404229221e+02
7.332145040782733076e+02
7.290915287085213095e+02
7.251438016224798275e+02
7.366177775335702336e+02
7.360976220883273982e+02
7.262891493412253112e+02
7.368181553173575367e+02
7.313462085941497435e+02
7.357935410060066488e+02
7.212068291011183874e+02
7.301041354518201842e+02
7.491062046473399505e+02
7.375057253645164792e+02
7.275164317279241004e+02
7.292029919982041974e+02
7.216618618203344795e+02
7.331310010668109953e+02
7.253434835828703626e+02
7.457874370180077221e+02
7.480458788737030318e+02
7.315875676135113963e+02
7.309813761759829731e+02
7.213256835224411816e+02
7.313465854299910234e+02
7.310896592204632043e+02
7.290949935647915936e+02
7.245103883612366644e+02
7.273290258424885906e+02
7.315148853194599496e+02
7.303146713576971933e+02
7.306255892297974697e+02
7.301291512453422001e+02
7.343155992597571640e+02
7.311307743244327639e+02
7.336237436999758756e+02
7.284751180145575518e+02
7.285274975881034152e+02
7.269472407123746507e+02
7.362876948549953795e+02
7.356402985542102897e+02
7.317533550181998407e+02
7.325957107684505445e+02
7.289294573612152135e+02
7.329185659040430210e+02
7.350723904941861520e+02
7.384795925671338637e+02
7.315778899911013013e+02
7.319863626418792819e+02
7.300267272381589692e+02
7.278907233997385902e+02
7.154500803539186791e+02
7.356049887745122078e+02
7.170739544112192334e+02
7.417467127431281142e+02
7.426862694213559735e+02
7.252225337814790009e+02
7.254355833664304782e+02
7.325132663326269267e+02
7.223156675242864821e+02
7.213733220751511226e+02
7.350266769890489513e+02
7.355208051865253083e+02
7.105629558195741993e+02
7.216967525297051225e+02
7.422619824950211296e+02
7.187433491505007623e+02
7.401228782920185267e+02
7.403208561377356318e+02
7.315272605308624634e+02
7.222806548021892468e+02
7.398398652556892330e+02
7.356146624734284387e+02
7.221014642834163624e+02
7.347551171252226823e+02
7.288245605323157861e+02
7.362156061017650472e+02
7.305996748232763593e+02
7.374472796876732446e+02
7.348866864810496509e+02
7.384948569861403485e+02
7.219500187152785884e+02
7.321999551368410266e+02
7.363451263019106818e+02
7.260554125222163293e+02
7.318655355728815266e+02
7.315215416811021214e+02
7.363169295252444044e+02
7.251408976391015813e+02
7.355934141676266336e+02
7.382556610901939393e+02
7.251499422721601604e+02
7.342693089908806314e+02
7.281539990456611804e+02
7.384088721763413332e+02
7.389540716021673461e+02
7.279952047185597621e+02
7.350100598792732853e+02
7.313892599092695264e+02
7.286168365370225501e+02
7.404267046212872856e+02
7.317163758307216312e+02
7.281346638818403108e+02
7.379091458892447690e+02
7.282243970957342754e+02
7.286536610106153375e+02
7.177784701947190342e+02
7.316900885742652463e+02
7.327636467281466821e+02
7.432888303753843502e+02
7.275954852429522361e+02
7.419393366602658944e+02
7.281890798039754600e+02
7.252258187883103346e+02
7.179683368530317011e+02
7.296381687604266517e+02
7.296159593623560795e+02
7.277797085849682617e+02
7.426637741120363216e+02
7.273119568719886274e+02
7.286311165154558012e+02
7.360169586066589318e+02
7.269619980845947111e+02
7.364464423237451456e+02
7.318393622179935392e+02
7.208121507668073491e+02
7.234254919467284708e+02
7.206733870555708563e+02
7.326786237179393311e+02
7.432611757085828685e+02
7.293744804725283757e+02
7.379097525729417839e+02
7.342255444558924182e+02
7.385350586050933543e+02
7.385479773841747146e+02
7.203520690347763775e+02
7.381900076608817471e+02
7.396287923753062614e+02
7.184130474890532696e+02
7.318637916599866458e+02
7.324446579212249162e+02
7.430577694347357465e+02
7.293729451327178595e+02
7.230037206414235698e+02
7.309210524270969245e+02
7.488534915834229650e+02
7.370102241258281310e+02
7.343610967076004954e+02
7.263763536907713387e+02
7.268230821407167923e+02
7.220823090677666869e+02
7.326427668262456336e+02
7.341012525608171018e+02
7.315046740959289764e+02
7.385767018961000758e+02
7.456962095974089380e+02
7.210606048438141897e+02
7.282256876703260104e+02
7.362429720076307831e+02
7.228985074955940036e+02
7.335673664207469074e+02
7.273017537109010391e+02
7.298002758937378758e+02
7.133973522521564519e+02
7.291683734458191566e+02
7.363275266045346825e+02
7.337139762603213740e+02
7.254481461961693185e+02
7.320643466301985427e+02
7.359106497990181879e+02
7.377197571169311914e+02
7.318353360328723056e+02
7.363204990244056489e+02
7.394010632772516374e+02
7.453742268053223370e+02
7.202334736544192992e+02
7.267086408095694878e+02
7.393482849519210731e+02
7.158140652725500104e+02
7.216398608918938180e+02
7.444794817618279694e+02
7.314872864462942061e+02
7.264597832104016106e+02
7.415832607520948159e+02
7.331469208385499314e+02
7.229844478896308146e+02
7.340934776805710271e+02
7.283742051132336428e+02
7.322357556488668706e+02
7.310784266394028919e+02
7.381862124169006165e+02
7.302554995756486278e+02
7.286316298130208224e+02
7.461656123278050927e+02
7.221610252679653286e+02
7.281927747818930357e+02
7.263587620877523250e+02
7.253614214874222625e+02
7.379208921619117518e+02
7.439862629218425809e+02
7.216047675852004204e+02
7.273659677085865951e+02
7.406487960234684351e+02
7.357830479382040494e+02
7.346367599677973885e+02
7.317096743351725081e+02
7.312561327422090471e+02
7.378084819627645174e+02
7.345511448182624008e+02
7.330612626635024753e+02
7.299547761289311438e+02
7.272870933734253640e+02
7.211780725863906127e+02
7.401917786766218796e+02
7.334561057865299745e+02
7.216600017112775731e+02
7.380617178020304436e+02
7.287762006698982304e+02
7.349872534473920496e+02
7.235322685459495915e+02
7.264030702128192161e+02
7.427774158312438431e+02
7.370121921914679888e+02
7.322975168247952524e+02
7.284878238176164587e+02
7.345148444235755960e+02
7.358004327359294621e+02
7.317358036619765471e+02
7.337316871231541882e+02
7.464336015622626519e+02
7.352155606369065026e+02
7.237838666967471681e+02
7.356976849872196453e+02
7.358421998571917584e+02
7.305961090946937020e+02
7.309865525239295039e+02
7.385080342758221832e+02
7.227225967933452466e+02
7.253692721879108376e+02
7.356259408886053279e+02
7.199390644122645426e+02
7.320785265476317818e+02
7.298778734472799670e+02
7.303422077914250394e+02
7.335129254189049561e+02
7.373197726148794118e+02
7.317768229559502515e+02
7.341678692345832360e+02
7.388309369629378125e+02
7.271346545713274736e+02
7.288740630248113348e+02
7.302918478211055344e+02
7.427027199541777236e+02
7.269798862454649679e+02
7.313079398242792877e+02
7.389132747277914177e+02
7.373759151574272437e+02
7.301992716679345676e+02
7.279355866298504907e+02
7.232580871066668351e+02
7.309594914237487728e+02
7.402002179961679076e+02
7.443210764493707075e+02
7.294428583420803989e+02
7.403636755971213006e+02
7.384480596659195726e+02
7.315665089523496363e+02
7.244165520711939052e+02
7.402637474321188620e+02
7.276815996358537859e+02
7.211324482982238351e+02
7.485691570202812954e+02
7.279442697637751962e+02
7.261255990177098738e+02
7.335092113785249239e+02
7.403629767014313074e+02
7.280690682066511954e+02
7.317293551693664995e+02
7.245844805601249163e+02
7.348883396714709306e+02
7.334007711348536986e+02
7.262714716491985882e+02
7.416940802406687681e+02
7.311684843291941434e+02
7.354641656925986126e+02
7.317508655497720156e+02
7.258927654368924323e+02
7.354019681875801098e+02
7.314902504514199109e+02
7.352050774351005202e+02
7.413462476146612516e+02
7.334578984116755009e+02
7.252850729957096974e+02
7.349572936364763791e+02
7.321570653012654475e+02
7.209477042719888686e+02
7.438765182785463139e+02
7.379390547092663155e+02
7.343741410551583613e+02
7.289298040519568076e+02
7.354548877482454827e+02
7.234976738846976332e+02
7.386598184566890950e+02
7.298345549512025627e+02
7.392786178311748699e+02
7.238619625869266656e+02
7.292671335421155163e+02
7.240270535112661037e+02
7.227294746722621994e+02
7.262879155218463438e+02
7.256565435746430239e+02
7.317734747708724399e+02
7.289932556219042681e+02
7.246954082474417191e+02
7.407997594561969663e+02
7.266759933010865780e+02
7.326030045073291603e+02
7.263659124924741946e+02
7.260324927695199904e+02
7.420790379089875159e+02
7.290262513954266979e+02
7.329113113103705928e+02
7.307220673060227227e+02
7.323384767345510227e+02
7.288732418777516386e+02
7.259129207033727198e+02
7.297242823195184656e+02
7.428707688051053992e+02
7.323522420659179488e+02
7.200854078930473179e+02
7.326712868965369125e+02
7.406093992756271973e+02
7.377910304682939113e+02
7.219235122007559085e+02
7.403554632888883589e+02
7.342212129956049012e+02
7.274299060879353647e+02
7.210033211049599231e+02
7.364780020721271967e+02
7.287941784103002192e+02
7.269078374308119237e+02
7.170741894395432610e+02
7.307528213762965379e+02
7.322484002007460049e+02
7.458248485156126435e+02
7.336080866572941659e+02
7.355610846078214990e+02
7.291447071224419005e+02
7.406754099507890032e+02
7.280351740728006007e+02
7.184083339843971316e+02
7.265119933982911107e+02
7.244609646472015356e+02
7.331520066647409521e+02
7.271552389100785376e+02
7.250148672503186162e+02
7.300635506020718140e+02
7.350605860646109022e+02
7.362160095951185212e+02
7.271953106862674758e+02
7.244643506486056594e+02
7.345287617929396902e+02
7.323621511567987454e+02
7.297568784887395168e+02
7.284438843884996686e+02
7.298987664156688879e+02
7.299557195387986894e+02
7.324312775696330391e+02
7.332807241488067120e+02
7.336973474117871774e+02
7.502294537698696786e+02
7.310778216866182220e+02
7.269119284859777963e+02
7.312572502509331116e+02
7.254128846542959081e+02
7.214014684914166082e+02
7.271095626088734889e+02
7.387387022291432004e+02
7.346390993272226524e+02
7.277090111029228865e+02
7.339256333578457543e+02
7.319892417917818648e+02
7.358547028205019842e+02
7.374286359258044286e+02
7.269400020633108852e+02
7.189579490574202509e+02
7.216637985161537472e+02
7.427423258373810313e+02
7.348003502007501311e+02
7.300057164460396280e+02
7.337248223904783799e+02
7.320227852012441190e+02
7.382037175813934482e+02
7.256398366907708350e+02
7.296913211495935911e+02
7.214260295971639607e+02
7.270162125489169966e+02
7.327993467951159801e+02
7.475652084503121841e+02
7.372604339234317194e+02
7.325903360273910039e+02
7.427136010338141432e+02
7.322501705356222601e+02
7.411424103522311952e+02
7.448347893489000171e+02
7.364219160326857718e+02
7.388094770804576683e+02
7.355523560839765196e+02
7.298496485452061506e+02
7.331622297426653176e+02
7.231658523944995522e+02
7.292058636020663016e+02
7.267707753105715938e+02
7.303353752279057289e+02
7.354748985821275937e+02
7.319002600482043590e+02
7.445351987507964395e+02
7.148467113330741540e+02
7.403073384406502555e+02
7.383524720544033926e+02
7.364464137963908570e+02
7.370118442966202110e+02
7.278288851597365010e+02
7.256883619029048305e+02
7.249755110454179885e+02
7.395496039702871940e+02
7.276965850579489370e+02
7.281278434676742108e+02
7.291950697040958858e+02
7.362353628651479767e+02
7.296754162495154787e+02
7.296935727372326710e+02
7.445008438785264389e+02
7.199846347679240353e+02
7.351615588386550826e+02
7.407071213462966170e+02
7.328576916017902931e+02
7.287622636997124346e+02
7.320385288999964359e+02
7.424290463685374561e+02
7.374856353691927779e+02
7.262311287345143000e+02
7.275278034413009891e+02
7.264267374746394808e+02
7.335013972879369248e+02
7.299981086139489435e+02
7.193390879331047927e+02
7.219310543240767402e+02
7.357245054596388627e+02
7.281113173654628099e+02
7.417511240175422245e+02
7.381931365851813780e+02
7.404089566089915024e+02
7.314570690247720677e+02
7.352426051135033731e+02
7.318177838973989537e+02
7.280305705830436409e+02
7.331681343032062159e+02
7.332077251151727069e+02
7.231460894140067239e+02
7.289121119842707230e+02
7.378109306751706526e+02
7.366779546106855605e+02
7.284823407426157473e+02
7.330739569539034619e+02
7.539036347435508105e+02
7.373769630945167819e+02
7.313236312288159979e+02
7.391751511014890639e+02
7.290515748953539514e+02
7.301384680922084272e+02
7.277994911637143787e+02
7.332184875291746948e+02
7.381507801005187730e+02
7.339137214918032441e+02
7.302774677497532139e+02
7.384578057325708187e+02
7.338162044383988132e+02
7.355277199974358382e+02
7.239844022037681270e+02
7.301950412585864569e+02
7.371699640279937285e+02
7.165608177011866928e+02
7.372234912764949968e+02
7.259048346100747722e+02
7.366164128175466885e+02
7.311308019611307145e+02
7.385400688382522958e+02
7.289305935263984111e+02
7.257358223012601002e+02
7.424064505465604498e+02
7.376520853941804035e+02
7.352362739398153053e+02
7.166599266658133729e+02
7.367808452386991576e+02
7.306093697048454487e+02
7.428644565727089457e+02
7.227868571991812132e+02
7.326173299307496336e+02
7.347703022102332397e+02
7.247700331749399538e+02
7.278053598573729914e+02
7.354769898076795016e+02
7.147673477001259243e+02
7.337336989974137396e+02
7.393888529793732687e+02
7.295444468079065246e+02
7.280484770537303802e+02
7.230098336725876607e+02
7.300136675938680355e+02
7.470904703980260138e+02
7.300022532730902185e+02
7.277069534975281613e+02
7.310056396797331217e+02
7.333224111803617689e+02
7.374550955863443278e+02
7.388007328287919790e+02
7.239206300078658387e+02
7.343102330384485867e+02
7.387033267226032649e+02
7.261506052993213416e+02
7.299698692800586741e+02
7.268769943328111367e+02
7.353747941239918191e+02
7.244559369594144300e+02
7.329707751242098084e+02
7.409037299367065543e+02
7.342481145419695849e+02
7.351705819997889648e+02
7.240933499740816615e+02
7.233697976915749450e+02
7.391257401079232068e+02
7.316523920203540001e+02
7.198423020533241470e+02
7.348833111649585135e+02
7.360079955838676824e+02
7.300841234046187083e+02
7.358479774959840825e+02
7.356811439579838634e+02
7.364470242150393915e+02
7.299838967960940863e+02
7.285548487192511402e+02
7.282668422686393797e+02
7.278584356135544340e+02
7.379610538393002344e+02
7.286650171012355486e+02
7.356639325328603718e+02
7.360611535260118217e+02
7.344573058736858684e+02
7.364663604923398452e+02
7.277035374143160880e+02
7.372883885684935876e+02
7.343046292081602360e+02
7.324048127305362641e+02
7.344329147091401637e+02
7.325968294973642969e+02
7.315763480663014207e+02
7.378937685897552683e+02
7.356601188913452916e+02
7.282701055144150359e+02
7.310746052097143775e+02
7.274028841854304801e+02
7.397997604086954198e+02
7.382086712690683044e+02
7.328551219423214889e+02
7.404482119739088830e+02
7.361705377486977113e+02
7.369422542511715619e+02
7.433452505309835487e+02
7.328743304661969660e+02
7.265875342719464243e+02
7.410475891922335450e+02
7.323419689171929576e+02
7.373545534904117176e+02
7.334353769612075666e+02
7.313227658653810295e+02
7.383361113951078778e+02
7.345039056994962721e+02
7.280185186005365949e+02
7.254026964407272544e+02
7.414274270827376085e+02
7.283535477465051144e+02
7.372285566134352166e+02
7.441050763076493695e+02
7.500136548155733180e+02
7.467771007047906551e+02
7.575224169020337968e+02
7.325728938696388468e+02
7.329993324424890488e+02
7.420582291559982195e+02
7.370126635793707237e+02
7.472865754018441748e+02
7.445595423758217066e+02
7.495009142672811322e+02
7.658832974361843071e+02
7.715989617521387345e+02
7.529982030980623904e+02
7.647271458542667233e+02
7.686141810918318242e+02
7.773226575539097212e+02
7.734747253025384452e+02
7.670239862107856652e+02
7.669665467692634593e+02
7.622751450344011346e+02
7.538906452884027658e+02
7.455125898367833770e+02
7.517514965845448387e+02
7.480694684644930703e+02
7.369513308733254462e+02
7.515245025072439375e+02
7.385030360870814548e+02
7.541478265773606608e+02
7.529472551619666092e+02
7.272230698377825320e+02
7.446199001748847195e+02
7.351536128295144863e+02
7.591672618041627629e+02
7.358185480310237381e+02
7.329863787525451926e+02
7.465687722153016921e+02
7.462820247996504577e+02
7.330185213071260932e+02
7.432726347703367082e+02
7.260279227829400952e+02
7.479225511768923980e+02
7.414326192426342459e+02
7.419362303697243988e+02
7.384991924093368425e+02
7.411020785172198657e+02
7.315010974915518318e+02
7.321505297702229882e+02
7.340872291569689878e+02
7.334008457079879690e+02
7.299067043912943973e+02
7.412664620964044389e+02
7.310886064603772638e+02
7.273691940523374342e+02
7.274466899917001683e+02
7.357479528789177721e+02
7.424003984717619460e+02
7.468319746909720607e+02
7.309372698228060017e+02
7.311529445416761064e+02
7.270559763156746840e+02
7.352847593838966986e+02
7.549481704789487821e+02
7.320881965647985226e+02
7.268026637445975666e+02
7.238127215380387725e+02
7.435355530323619178e+02
7.310621476799036600e+02
7.193104565675939739e+02
7.392159697629813309e+02
7.426740499786404825e+02
7.385728733628193368e+02
7.484984815225801640e+02
7.308876413145977722e+02
7.335857682848782133e+02
7.371547688503827658e+02
7.280761848497508026e+02
7.332833853973826308e+02
7.336628061299437604e+02
7.323739353491026804e+02
7.384522010670743839e+02
7.389515904996893596e+02
7.243933187146463979e+02
7.338791845295273788e+02
7.309480438050063640e+02
7.335803116934952186e+02
7.294927788368779602e+02
7.426909619247469436e+02
7.390664693449473361e+02
7.253362505748469857e+02
7.476111468357654530e+02
7.291987090694506151e+02
7.282526515269692027e+02
7.297862981895744952e+02
7.340056329373966264e+02
7.147157274894395869e+02
7.408529078340063734e+02
7.246821979940056053e+02
7.325842462367326107e+02
7.233621925721524804e+02
7.397983534640957259e+02
7.325938792044621550e+02
7.391973338449614630e+02
7.251119203084095943e+02
7.360858202438977287e+02
7.182198977164384814e+02
7.156583015978702633e+02
7.307443665903876990e+02
7.299531345156553925e+02
7.335654103182840799e+02
7.216880544329785607e+02
7.381963256212075066e+02
7.328732090554029810e+02
7.324928936996644779e+02
7.320816565712840429e+02
7.351433986472580955e+02
7.288308078439048359e+02
7.414200726635738192e+02
7.324538278026698208e+02
7.332932453334368574e+02
7.294989190728030053e+02
7.418757380912743429e+02
7.302517237007494941e+02
7.317439637883256864e+02
7.298040452796331010e+02
7.242141293063716603e+02
7.398066703387395364e+02
7.309033920536718369e+02
7.215962844607237230e+02
7.373705130602548934e+02
7.417150881541014087e+02
7.225419299708179324e+02
7.346615577177140040e+02
7.341584673057933514e+02
7.323426454749928780e+02
7.334508777086757618e+02
7.164337649893844855e+02
7.358200658771273766e+02
7.369576792112324028e+02
7.285868041316739436e+02
7.286902583250075622e+02
7.235356145305244127e+02
7.308329040570340567e+02
7.354529860286843359e+02
7.374221552456201607e+02
7.248482041534323344e+02
7.319039392917476334e+02
7.416110030302596670e+02
7.296042928458646202e+02
7.311581335409719031e+02
7.234151267713272091e+02
7.297661652044148468e+02
7.366670497050738504e+02
7.367415126226283064e+02
7.275487129342556045e+02
7.210624061871467347e+02
7.327278837340929840e+02
7.308566595539809896e+02
7.261556484905394200e+02
7.330071992778149479e+02
7.395079846197143070e+02
7.355777888773122868e+02
7.448782034486164321e+02
7.335446103855426827e+02
7.415677757379805826e+02
7.331463953111438059e+02
7.177099082596703283e+02
7.238666396566934509e+02
7.373273651685170762e+02
7.398752405137627193e+02
7.293434974390370371e+02
7.276484979221077083e+02
7.299965324599348833e+02
7.337221265504736039e+02
7.364210327070312587e+02
7.405776337288455125e+02
7.345336899039492664e+02
7.344838228437583894e+02
7.344747919449459914e+02
7.228786272986599215e+02
7.399082580750709894e+02
7.344814760806546019e+02
7.178799575091845782e+02
7.212297226380319444e+02
7.308328138457743535e+02
7.203021013282314016e+02
7.395666535645774502e+02
7.386143851415002928e+02
7.326506192596709752e+02
7.375097800215665984e+02
7.341463077159879731e+02
7.277306201711347740e+02
7.445565907804050312e+02
7.332125564791008401e+02
7.218662439105186195e+02
7.352050125862011782e+02
7.368297625620972440e+02
7.187253765561944192e+02
7.114549058538717645e+02
7.272580231549898144e+02
7.306829240034152235e+02
7.368265762750686463e+02
7.340218730578532131e+02
7.273909387035002965e+02
7.375061326166415938e+02
7.251249429179273420e+02
7.314032724498382549e+02
7.336264641235501358e+02
7.376183401578425674e+02
7.462240879988626148e+02
7.239569566438526635e+02
7.398351907375107430e+02
7.422315935571469936e+02
7.381119670228030145e+02
7.251651969678357545e+02
7.303879625388449313e+02
7.290840838520880425e+02
7.211882459520660404e+02
7.376289769539448571e+02
7.252888352281501056e+02
7.319444821368379053e+02
7.253347064111221698e+02
7.355947842642081014e+02
7.151636684610455177e+02
7.305645376773188673e+02
7.305679043625502800e+02
7.288301620665691871e+02
7.344806046956719001e+02
7.358544971257178986e+02
7.334933888439874181e+02
7.220232975764847652e+02
7.342432775591011023e+02
7.371385358795785123e+02
7.206254925078745828e+02
7.287071468437865178e+02
7.362807521221400293e+02
7.383685488304837463e+02
7.126444188017146644e+02
7.187263119185461164e+02
7.305458147297700862e+02
7.427567006865730264e+02
7.321725956219445379e+02
7.280339007269576541e+02
7.334938644580211076e+02
7.412850248561549051e+02
7.343326870211891446e+02
7.381281234768513286e+02
7.313081546201457286e+02
7.284823966527990251e+02
7.211824613773283090e+02
7.366809800325908100e+02
7.271003953198709269e+02
7.199811331547181226e+02
7.400779193500425208e+02
7.321072251294829130e+02
7.295523184305524182e+02
7.266793163660556729e+02
7.145274338138245867e+02
7.313716381664601158e+02
7.167117582636318502e+02
7.288152319511236783e+02
7.337370985166903665e+02
7.246424080021250802e+02
7.323473011541345841e+02
7.304106021295954179e+02
7.338643296536976095e+02
7.371853113229057044e+02
7.398588214637956071e+02
7.267744374718889731e+02
7.412762556125084075e+02
7.198098901971262649e+02
7.269885287845273751e+02
7.302107487900705109e+02
7.288093162941980836e+02
7.316134643095520005e+02
7.238836577125688336e+02
7.356991665680017149e+02
7.270501158255393648e+02
7.334766602974581247e+02
7.231450294130750081e+02
7.414054885689507728e+02
7.248706962719319336e+02
7.358433110288856369e+02
7.427512653013078534e+02
7.293073049700578849e+02
7.327089446486955922e+02
7.323703716703516875e+02
7.298233872306608419e+02
7.271117581076723582e+02
7.307267333721559908e+02
7.454847794847194109e+02
7.345975942303551847e+02
7.281022469127764225e+02
7.216631308380160590e+02
7.251515884530472249e+02
7.283973381776064571e+02
7.465784470235556682e+02
7.220814413178599125e+02
7.207169237001908186e+02
7.314205673895306745e+02
7.311949474860513192e+02
7.374376194976067609e+02
7.271287909361318498e+02
7.248944093345252213e+02
7.382405629017541742e+02
7.399338729783686404e+02
7.352685479460558327e+02
7.299895806684592117e+02
7.273949179070608579e+02
7.278077499914273858e+02
7.181665136090158512e+02
7.429834365960734885e+02
7.325275290568526998e+02
7.281234388735306311e+02
7.369540303777766894e+02
7.346468381930154692e+02
7.309574606891709436e+02
7.306001835191483451e+02
7.313645343426599084e+02
7.348676350152210262e+02
7.283432321193439520e+02
7.292761278857576599e+02
7.276075240725443791e+02
7.285046241940086702e+02
7.330683274450408362e+02
7.359095897445532728e+02
7.429755937209245076e+02
7.279266913866814548e+02
7.282469526236610591e+02
7.245770233459621750e+02
7.240546469828476575e+02
7.295281309943940187e+02
7.272648196374420877e+02
7.189413823713794045e+02
7.350679433748425708e+02
7.361487855984667021e+02
7.310855914688744406e+02
7.320904609902203219e+02
7.335313603433999106e+02
7.294491524495676913e+02
7.267344318452509242e+02
7.192459476462705652e+02
7.384810121573442530e+02
7.291142567154914786e+02
7.430823660429193751e+02
7.414814955512345023e+02
7.403189023724110029e+02
7.284174671009695885e+02
7.188282691442384476e+02
6.502775397859611530e+02
0.000000000000000000e+00
0.000000000000000000e+00
0.000000000000000000e+00
0.000000000000000000e+00
0.000000000000000000e+00
0.000000000000000000e+00
0.000000000000000000e+00
0.000000000000000000e+00
0.000000000000000000e+00
0.000000000000000000e+00
0.000000000000000000e+00
0.000000000000000000e+00
0.000000000000000000e+00
0.000000000000000000e+00
0.000000000000000000e+00
0.000000000000000000e+00
0.000000000000000000e+00
0.000000000000000000e+00
0.000000000000000000e+00
0.000000000000000000e+00
0.000000000000000000e+00
0.000000000000000000e+00
0.000000000000000000e+00
0.000000000000000000e+00
0.000000000000000000e+00
0.000000000000000000e+00
0.000000000000000000e+00
0.000000000000000000e+00
0.000000000000000000e+00
0.000000000000000000e+00
0.000000000000000000e+00
0.000000000000000000e+00
0.000000000000000000e+00
0.000000000000000000e+00
0.000000000000000000e+00
0.000000000000000000e+00
0.000000000000000000e+00
0.000000000000000000e+00
0.000000000000000000e+00
0.000000000000000000e+00
0.000000000000000000e+00
0.000000000000000000e+00
0.000000000000000000e+00
0.000000000000000000e+00
0.000000000000000000e+00
0.000000000000000000e+00
0.000000000000000000e+00
0.000000000000000000e+00
0.000000000000000000e+00
0.000000000000000000e+00
0.000000000000000000e+00
0.000000000000000000e+00
0.000000000000000000e+00
0.000000000000000000e+00
0.000000000000000000e+00
0.000000000000000000e+00
0.000000000000000000e+00
0.000000000000000000e+00
0.000000000000000000e+00
0.000000000000000000e+00
0.000000000000000000e+00
0.000000000000000000e+00
0.000000000000000000e+00
0.000000000000000000e+00
0.000000000000000000e+00
0.000000000000000000e+00
0.000000000000000000e+00
0.000000000000000000e+00
0.000000000000000000e+00
0.000000000000000000e+00
0.000000000000000000e+00
0.000000000000000000e+00
0.000000000000000000e+00
0.000000000000000000e+00
0.000000000000000000e+00
0.000000000000000000e+00
0.000000000000000000e+00
0.000000000000000000e+00
0.000000000000000000e+00
0.000000000000000000e+00
0.000000000000000000e+00
0.000000000000000000e+00
0.000000000000000000e+00
0.000000000000000000e+00
0.000000000000000000e+00
0.000000000000000000e+00
0.000000000000000000e+00
0.000000000000000000e+00
0.000000000000000000e+00
0.000000000000000000e+00
0.000000000000000000e+00
