1.617685673304739280e-01
1.616775218413896154e-01
1.617125923015804712e-01
1.616506779578562869e-01
1.617076165368151464e-01
1.616218565151488484e-01
1.617431452081335153e-01
1.616680075866954724e-01
1.617927558567450741e-01
1.616748838668967958e-01
1.616735109567111195e-01
1.617662269937447661e-01
1.617186166628805100e-01
1.617274934787858442e-01
1.617002946591300505e-01
1.617521931977705663e-01
1.616502885781875287e-01
1.616658496978573556e-01
1.616893066404433699e-01
1.616953811358877446e-01
1.616206687881515947e-01
1.617312978192328721e-01
1.617555846445756229e-01
1.616893449576114750e-01
1.617171233368711325e-01
1.617152857693524848e-01
1.617385254812283568e-01
1.616432887885281833e-01
1.616519709026422447e-01
1.616260370958832460e-01
1.616313048746332581e-01
1.617308770913084282e-01
1.616750335110722081e-01
1.616756661457267874e-01
1.617059923139417543e-01
1.617314143911476043e-01
1.615969851891897735e-01
1.616760488721514510e-01
1.617119232194267897e-01
1.616685736533894635e-01
1.615824006736298890e-01
1.616668606097859118e-01
1.617247859849040015e-01
1.616736170054936528e-01
1.617113243902178754e-01
1.616409151954787404e-01
1.617251250761534420e-01
1.616908863536040963e-01
1.617130364088741612e-01
1.616228180739288367e-01
1.617576681635901625e-01
1.617486962494421587e-01
1.616988949043307033e-01
1.616668816246296936e-01
1.617059282950336629e-01
1.616702069431528999e-01
1.616780373677338678e-01
1.616856306500629448e-01
1.616944081804334299e-01
1.617184941590582570e-01
1.616846057972142758e-01
1.617606248796362445e-01
1.616958240042590811e-01
1.616457654245130882e-01
1.616729002316920627e-01
1.616435662576800047e-01
1.616740282654403893e-01
1.617089248103673882e-01
1.616870104886909409e-01
1.616929035713060292e-01
1.616935803637395697e-01
1.616532894877678317e-01
1.616210499368999631e-01
1.616734012937363907e-01
1.616975653870116880e-01
1.617032388981337887e-01
1.617112196529681412e-01
1.616530403634202917e-01
1.616726373681311724e-01
1.616408653292415176e-01
1.616387514091013888e-01
1.616560722506725223e-01
1.616390064907562707e-01
1.616741574674472604e-01
1.616633083031746021e-01
1.616759474894723381e-01
1.617334221515714932e-01
1.616579002355262584e-01
1.616714885047821904e-01
1.617429072522492406e-01
1.616506608268260814e-01
1.617567921440782042e-01
1.616443857675230744e-01
1.617251438467921243e-01
1.617152306466350387e-01
1.617178199989735832e-01
1.616927473399984716e-01
1.616900463810433675e-01
1.616659526541880110e-01
1.616811804480715875e-01
1.616824955358912297e-01
1.616672714136769551e-01
1.616532498150949626e-01
1.616721917666171515e-01
1.616392480676104859e-01
1.616339830009070611e-01
1.617017937752861789e-01
1.616456006612312368e-01
1.617500004208527464e-01
1.617138223844667710e-01
1.617289454516212532e-01
1.617001701396123259e-01
1.617175101624793165e-01
1.616572840335168959e-01
1.617444381984619872e-01
1.616737337386019713e-01
1.617106470859391021e-01
1.617170284165469762e-01
1.617273173142722009e-01
1.617058371619737034e-01
1.617459804186945627e-01
1.616347424302714275e-01
1.616285869756816651e-01
1.616859224893867353e-01
1.616867986101056809e-01
1.616515837027540647e-01
1.616145872359865399e-01
1.617449427775976278e-01
1.617548776423067824e-01
1.617340507914279968e-01
1.616458354280042309e-01
1.617498119213482410e-01
1.616679053424362467e-01
1.616916990874802673e-01
1.617065130870900813e-01
1.616721595540438206e-01
1.617397170215214286e-01
1.616882923159615459e-01
1.616370817140796168e-01
1.617139540234063810e-01
1.617415316674974402e-01
1.617319111861541259e-01
1.617077157170576651e-01
1.616768180560039236e-01
1.617022093194973031e-01
1.617639023622534089e-01
1.616479977359571996e-01
1.616571177449387942e-01
1.616840551116969782e-01
1.616938893236742614e-01
1.616529193021299660e-01
1.616870376302204648e-01
1.616301134196779510e-01
1.616679640792395289e-01
1.616536311502509704e-01
1.616820124179454143e-01
1.616621384825439045e-01
1.616453858444471536e-01
1.616828773553483367e-01
1.616571174183820125e-01
1.616838396737843853e-01
1.617867188393741773e-01
1.617239313101643261e-01
1.617236375001933069e-01
1.617286219198150188e-01
1.616656475686957806e-01
1.617786207310540625e-01
1.616537891875136357e-01
1.617574914948807230e-01
1.616398375386152442e-01
1.617194227361814229e-01
1.616963948024705833e-01
1.616810858536067708e-01
1.617324621959382869e-01
1.616961562873824865e-01
1.616868909299224444e-01
1.616882061115013647e-01
1.616996783393633008e-01
1.617173063464699412e-01
1.616378542618337188e-01
1.616912255563453249e-01
1.616850385859539274e-01
1.617010808912422992e-01
1.616748722708040986e-01
1.616704684722521101e-01
1.617447574525691378e-01
1.617082868131718698e-01
1.616283071284749795e-01
1.616209695025461190e-01
1.616998084164729677e-01
1.616618138487367629e-01
1.617009377250627489e-01
1.617756267509137813e-01
1.615952207198117774e-01
1.616192088418554884e-01
1.616501698598210579e-01
1.617016853438669466e-01
1.616730641427617798e-01
1.617001196334452440e-01
1.617389287252541108e-01
1.617430005697940432e-01
1.617703216944241240e-01
1.616576049754424038e-01
1.617361752574317801e-01
1.617379243124387744e-01
1.616733784497135507e-01
1.617782003492795051e-01
1.617345144366529319e-01
1.617154310749641666e-01
1.617012488009921811e-01
1.617334417443043182e-01
1.617045871384845956e-01
1.616983429522000915e-01
1.617595686257473631e-01
1.616216443995565355e-01
1.616600880982079769e-01
1.617098202847135069e-01
1.617221050294089801e-01
1.617823629158580134e-01
1.617090705997102362e-01
1.617629283907429383e-01
1.617632273415935684e-01
1.616708346765851068e-01
1.617301525505534798e-01
1.617850303685271773e-01
1.616468966091371418e-01
1.617228623712679558e-01
1.617564988305579543e-01
1.617435458886455901e-01
1.617135076860898857e-01
1.617261677330157910e-01
1.617833856553468341e-01
1.617239041180447701e-01
1.616679290526798207e-01
1.617053469425580314e-01
1.616976974540525747e-01
1.617229293325272155e-01
1.616689587114263638e-01
1.617208850870421322e-01
1.617338210618748662e-01
1.616794242720014096e-01
1.617253730795929489e-01
1.617356859996264551e-01
1.616284563727373447e-01
1.617498903001735600e-01
1.617279639466184527e-01
1.617570097979690313e-01
1.617503445996331113e-01
1.617016043636180511e-01
1.617165666808094149e-01
1.616933804597912028e-01
1.617538564396698297e-01
1.617578620135337597e-01
1.617567482725359995e-01
1.616658702084284305e-01
1.617005232406777127e-01
1.617748736208544647e-01
1.618640856386918403e-01
1.617649640820300883e-01
1.617644696493620859e-01
1.617281987788464770e-01
1.616554601711037431e-01
1.617245590446014791e-01
1.617081560098679316e-01
1.617075557122056029e-01
1.617225026692033496e-01
1.617131213432909387e-01
1.616725203874212202e-01
1.617725764592260751e-01
1.616915497745702313e-01
1.617113169523873573e-01
1.617365621028922784e-01
1.617162649570121347e-01
1.617125221312044614e-01
1.617237764840014080e-01
1.617567199678951184e-01
1.617310248408405093e-01
1.617526085091817167e-01
1.616770710726763427e-01
1.617434695759266683e-01
1.616741908155352458e-01
1.617466966353919011e-01
1.617084698876390114e-01
1.617716294517404230e-01
1.616552239404030200e-01
1.616952681308901629e-01
1.616798589992944346e-01
1.617161978063712535e-01
1.616267704418676010e-01
1.617408036697842721e-01
1.616764951983978293e-01
1.616882380926843443e-01
1.618108729217400399e-01
1.618336859105808101e-01
1.617088320311404204e-01
1.618295871586696300e-01
1.617405362951041259e-01
1.617087638986619835e-01
1.617403061335982994e-01
1.617043700412330587e-01
1.617134835729466258e-01
1.617501725147429126e-01
1.617913588248625356e-01
1.617724177867670143e-01
1.617027902349560120e-01
1.617406290345942688e-01
1.617654811365992762e-01
1.617075411498264947e-01
1.617600548717887388e-01
1.617318697215034129e-01
1.617977296762001249e-01
1.617027710004294294e-01
1.617575102693970535e-01
1.617698665828561921e-01
1.617482846080859071e-01
1.617321453363765871e-01
1.618468667732150257e-01
1.617663930655889870e-01
1.617529013866263465e-01
1.616818552225179617e-01
1.617234395100022315e-01
1.617138403367141264e-01
1.616816103729671050e-01
1.617282050847575758e-01
1.617471598666576083e-01
1.617919455911906168e-01
1.617684698061076509e-01
1.617581687982377336e-01
1.616722962210037917e-01
1.617492511337441929e-01
1.617754698645162970e-01
1.617054501735694372e-01
1.617357523594386837e-01
1.617439183445615047e-01
1.617795982210999961e-01
1.617479674450153226e-01
1.617799379995010223e-01
1.618093836274651920e-01
1.617102631441446892e-01
1.618346443634660625e-01
1.618038536805796179e-01
1.617450414297163519e-01
1.617126491725755788e-01
1.617669045249194026e-01
1.618246496559508640e-01
1.617772415475953185e-01
1.617418901133131082e-01
1.617878932361793698e-01
1.618188007298597964e-01
1.617810906012620842e-01
1.617707791723898281e-01
1.617408304073247038e-01
1.617858337586284834e-01
1.617593858656912742e-01
1.618154649358072850e-01
1.618295043853091308e-01
1.618443649784755134e-01
1.617806189389772442e-01
1.618056043971808078e-01
1.618687126618023608e-01
1.617724833237320914e-01
1.618584501515053231e-01
1.619043083921969939e-01
1.618064028518146624e-01
1.618731120525720713e-01
1.618470875728088010e-01
1.618403317393372620e-01
1.618156878356242223e-01
1.618497296041500610e-01
1.618217530148797212e-01
1.619245182304429320e-01
1.619061496043697201e-01
1.618788527532213362e-01
1.619391218030503121e-01
1.619133255536344684e-01
1.618825889511326943e-01
1.618924243501301541e-01
1.619742609260353960e-01
1.618719019448939811e-01
1.619627418704785160e-01
1.618964936734450799e-01
1.619458774893682285e-01
1.619478872354621346e-01
1.619902075410550590e-01
1.619695243929055173e-01
1.619337788952190937e-01
1.619754562549231836e-01
1.619974499855114103e-01
1.619314375284754970e-01
1.619393233694925716e-01
1.618983688137594912e-01
1.620400572889695578e-01
1.619558849227767106e-01
1.618691449599319876e-01
1.619189410183186073e-01
1.619980931244315858e-01
1.618797764361752933e-01
1.619798193976128009e-01
1.619213489110349624e-01
1.619021523817039954e-01
1.619467032872383139e-01
1.619837039534198220e-01
1.619123292307067252e-01
1.618650063535815031e-01
1.619072399682493224e-01
1.619060328150856709e-01
1.619153298336255264e-01
1.620134934251851178e-01
1.618885378665514962e-01
1.618833907828528818e-01
1.618513234848883708e-01
1.618977273140312922e-01
1.618650767805459856e-01
1.619150068437305856e-01
1.619321618236119475e-01
1.618595005186065638e-01
1.618929977397129127e-01
1.618572590912945031e-01
1.618351738439310350e-01
1.618582890618353309e-01
1.619393718162754903e-01
1.619219661703711066e-01
1.618431824231615357e-01
1.618602290987990189e-01
1.619468566914798735e-01
1.618703978375226060e-01
1.619239717353664343e-01
1.618152386316781266e-01
1.618321613398365222e-01
1.618386691550996181e-01
1.618926385452451877e-01
1.618542410803220088e-01
1.617828290563657900e-01
1.619118538347072145e-01
1.619560985953801546e-01
1.618198709468227914e-01
1.619492819848928622e-01
1.619118540435833531e-01
1.618734797155584049e-01
1.619228643823761304e-01
1.619491333786189091e-01
1.619558689338260193e-01
1.619757687376771615e-01
1.618589643256214683e-01
1.620160509676828453e-01
1.620083763576910529e-01
1.619734323137708709e-01
1.619984621979766171e-01
1.620148887715400776e-01
1.619577181073707239e-01
1.619734954876495825e-01
1.620017894161900340e-01
1.619698354560370201e-01
1.619895471764939698e-01
1.620965346661922546e-01
1.620444872535239667e-01
1.619071850378843158e-01
1.619237415607423791e-01
1.620012506037868671e-01
1.620117081397163539e-01
1.619316214874381155e-01
1.620106131813912609e-01
1.619994167061526713e-01
1.620357009002865445e-01
1.620036813015217070e-01
1.620111386783980867e-01
1.620461658355010215e-01
1.620934225739165402e-01
1.620323128333597817e-01
1.621343867800792982e-01
1.621181034664715970e-01
1.620631084183751514e-01
1.620880337901327850e-01
1.621096737941495891e-01
1.621114162756633892e-01
1.621730975723326140e-01
1.622295458276978852e-01
1.621426775103570195e-01
1.621142121631980182e-01
1.621799778164991768e-01
1.622600865054976416e-01
1.622025988502855953e-01
1.622983223730198876e-01
1.621197393174861334e-01
1.622187408632097538e-01
1.621078271104085533e-01
1.622340845749247473e-01
1.621802342005987108e-01
1.622245927991483039e-01
1.622340255202203985e-01
1.622027570683488296e-01
1.622004988694846217e-01
1.622444228785585862e-01
1.622486705928803397e-01
1.621613130011853865e-01
1.622176459318714070e-01
1.621457714103354264e-01
1.622814463249865335e-01
1.622425666942654832e-01
1.622964127591726147e-01
1.623300873915060061e-01
1.621834356175880232e-01
1.623189824480899546e-01
1.622893701420477230e-01
1.623711538784266828e-01
1.622846077023345768e-01
1.623101078446315126e-01
1.622417017127919248e-01
1.623024956407734531e-01
1.623729451083431863e-01
1.623408039453612117e-01
1.623257405641546081e-01
1.623193832867631525e-01
1.623942043509566113e-01
1.622587767818445270e-01
1.622009142586170738e-01
1.622716175752106360e-01
1.622490971240219682e-01
1.622272324447453506e-01
1.621911863337067994e-01
1.622367920152325282e-01
1.622179514778156750e-01
1.621907751053609514e-01
1.621625537124805339e-01
1.622357418931457129e-01
1.621396828736238194e-01
1.622344178273265325e-01
1.621551680631949377e-01
1.621193876127353661e-01
1.621518879588398909e-01
1.621450799929838038e-01
1.621225052349918316e-01
1.621803191590662219e-01
1.621906408816425615e-01
1.621407306432089135e-01
1.621784105777074048e-01
1.621124687266407294e-01
1.621574929477139493e-01
1.621315376371248451e-01
1.621148565404663955e-01
1.621465442611069452e-01
1.622066959122475394e-01
1.622429486672671006e-01
1.622072548778437373e-01
1.622365654400168555e-01
1.621845269798283806e-01
1.622373628528070155e-01
1.622100280617007895e-01
1.622365209486282545e-01
1.621663966093992715e-01
1.622201072186115201e-01
1.622194139927863599e-01
1.623221819310769753e-01
1.622542370842114112e-01
1.622878612907330542e-01
1.622791610366332571e-01
1.622464207928782376e-01
1.622546006514974937e-01
1.622761557892397621e-01
1.623202948805668455e-01
1.623179728248644038e-01
1.624107880811777038e-01
1.623671601449094004e-01
1.624176329152704490e-01
1.623937703948523936e-01
1.624237904991624459e-01
1.624826084486456212e-01
1.624601650305022016e-01
1.624309899342943619e-01
1.624937801608915822e-01
1.625724681660414839e-01
1.625230323341028127e-01
1.625670273426882972e-01
1.626463738880319643e-01
1.627402156798183896e-01
1.626094200515511845e-01
1.626297881098243692e-01
1.627666797353218286e-01
1.627938108878441981e-01
1.628140400825136280e-01
1.629033390571946460e-01
1.629325698961817392e-01
1.629956195403078067e-01
1.629990810829740622e-01
1.631402175412114963e-01
1.632727584632542306e-01
1.634450928359023336e-01
1.636644265287877098e-01
1.638728784767380653e-01
1.641404823479592212e-01
1.644115724070756013e-01
1.645755187461620250e-01
1.647317840944047540e-01
1.648892674176854478e-01
1.649406231823193070e-01
1.650153996439766568e-01
1.649735363370140317e-01
1.648799675107372464e-01
1.649380792924624306e-01
1.648921866199715425e-01
1.647697149395072891e-01
1.648804639396261873e-01
1.649076164181066950e-01
1.649813517723607847e-01
1.649751131483153666e-01
1.648060644430012212e-01
1.646016494499905336e-01
1.643685736212849580e-01
1.641344117441900508e-01
1.640099656270485040e-01
1.638189264678000523e-01
1.635729660593519541e-01
1.633676332125223729e-01
1.633172217014604577e-01
1.632673064449731704e-01
1.631942716677056981e-01
1.630902547987292950e-01
1.630166677001414210e-01
1.629487999231410411e-01
1.628840709701301348e-01
1.628677193580873872e-01
1.627500169488103610e-01
1.626547557899808427e-01
1.626817062552111670e-01
1.625906824631333514e-01
1.625930564689326008e-01
1.624910095082011674e-01
1.624689540586947700e-01
1.623983679732981522e-01
1.623486543673178517e-01
1.623185841977573818e-01
1.622581575239801233e-01
1.623091230484776937e-01
1.622051016294575043e-01
1.622110079883300471e-01
1.621393188332985735e-01
1.621672173125451866e-01
1.621719983026507494e-01
1.621853445871859478e-01
1.621528952712985583e-01
1.621104103286672427e-01
1.621198185168311046e-01
1.621424564623150932e-01
1.620938419855713630e-01
1.621158689065427816e-01
1.621330789762182867e-01
1.620873200568055117e-01
1.620843967777087502e-01
1.620267141719858583e-01
1.620483048470390264e-01
1.619874862073081012e-01
1.620903928001818928e-01
1.619515195223265036e-01
1.620003475761494782e-01
1.620598523403671831e-01
1.620222188014275866e-01
1.620399661268851210e-01
1.619079681717958963e-01
1.620898291185162154e-01
1.620102983401183749e-01
1.620418643166318673e-01
1.620415875028988761e-01
1.619224570717867906e-01
1.619256086555263263e-01
1.619054947218219187e-01
1.619784239962698547e-01
1.620324396446194692e-01
1.619477826487822347e-01
1.620271137355706881e-01
1.619802909347205777e-01
1.619955976799559438e-01
1.619762086714906235e-01
1.620042691503771337e-01
1.619735156202450344e-01
1.619954238166106675e-01
1.620219429998009664e-01
1.620018180258533391e-01
1.619985702747249734e-01
1.619995168249375173e-01
1.620960179651980970e-01
1.620649387445022294e-01
1.620809668968399009e-01
1.621092956450389810e-01
1.621004598214904058e-01
1.620998482891033987e-01
1.621389377318052938e-01
1.621309502421772741e-01
1.620252412808699249e-01
1.620779013929543599e-01
1.621192287556744716e-01
1.620427416135017673e-01
1.620736698139831067e-01
1.619988672582155509e-01
1.621878713895498203e-01
1.621111104778494016e-01
1.620577529131416172e-01
1.620570170318357817e-01
1.620213889810362407e-01
1.620867759595363278e-01
1.621206516300792988e-01
1.620810341440565294e-01
1.620533452137590258e-01
1.620137501036052474e-01
1.619305741079882788e-01
1.619291073515253809e-01
1.620214936323402244e-01
1.619488281175964772e-01
1.619525444559974381e-01
1.620170726229277769e-01
1.619566879430005268e-01
1.619093223980521690e-01
1.620011780519217959e-01
1.620300424297884956e-01
1.619479389469538344e-01
1.620062925650475605e-01
1.619847746689896117e-01
1.620239340424983743e-01
1.619357175005224636e-01
1.619205087924315001e-01
1.619144824486518641e-01
1.619175781409614712e-01
1.619558441723307207e-01
1.619754388715783366e-01
1.619032309455330776e-01
1.619477847425938033e-01
1.619324720016167840e-01
1.619483867162476165e-01
1.619894905702851662e-01
1.619789403411991957e-01
1.619839179054548273e-01
1.619542147053026349e-01
1.619885439067705601e-01
1.620222716337069435e-01
1.620547339936645737e-01
1.619964531083100401e-01
1.620520193225012395e-01
1.620422949076795183e-01
1.620051452415310900e-01
1.620065537409994816e-01
1.620204985477236848e-01
1.620313043227827321e-01
1.620426857748227811e-01
1.619663612466191449e-01
1.619611041116031935e-01
1.619891431323656761e-01
1.619477858020795524e-01
1.619456366779229439e-01
1.619513657316187238e-01
1.619888089399136866e-01
1.619454312913413407e-01
1.619745246548079387e-01
1.619025967093452867e-01
1.620019308131526448e-01
1.619765938481989020e-01
1.619280391208639258e-01
1.619594236078828187e-01
1.619165018913626686e-01
1.618917819023273919e-01
1.618681506539549619e-01
1.618552975592383314e-01
1.619244824769472402e-01
1.619663171813375269e-01
1.618947053003806646e-01
1.618280436111346754e-01
1.618309200267663561e-01
1.618481482184012665e-01
1.618268006882766230e-01
1.619049412089683115e-01
1.618322041959426860e-01
1.618670205706870813e-01
1.618059685273688098e-01
1.618064461579099278e-01
1.618146167130348756e-01
1.618596827404539806e-01
1.618603528704172789e-01
1.619268065724964734e-01
1.618344612583012820e-01
1.618945480098843426e-01
1.619038390040878350e-01
1.618977886390264298e-01
1.618242598756713668e-01
1.619161202953045553e-01
1.618077719045980800e-01
1.618731187249400350e-01
1.618859112466319305e-01
1.618369156137259846e-01
1.617335178785154481e-01
1.617731471253826825e-01
1.617426868580083554e-01
1.617606046611645698e-01
1.617770867871169971e-01
1.617595810284472024e-01
1.618597991786418222e-01
1.619021399880115064e-01
1.618243690910233512e-01
1.616905836147627673e-01
1.617688488154453708e-01
1.617051350209844918e-01
1.618090498290100931e-01
1.617723155672400881e-01
1.617331353488392354e-01
1.617778587551423342e-01
1.617349642128422249e-01
1.618132849681718222e-01
1.617559524374511670e-01
1.618326017203156331e-01
1.618583286419509049e-01
1.617660766180269993e-01
1.618275976357162194e-01
1.618473804130407812e-01
1.618149410338382554e-01
1.618170466431859134e-01
1.617107873123848072e-01
1.617919052589816831e-01
1.617573433844963493e-01
1.618359759299067557e-01
1.617176257447118792e-01
1.617481498415827001e-01
1.617330613216743651e-01
1.617756919501230906e-01
1.618667567036999322e-01
1.617325608154750460e-01
1.617851509903373841e-01
1.617391759200998702e-01
1.617135389426613834e-01
1.617544682692084734e-01
1.617280561414855267e-01
1.617987862056967929e-01
1.616776753484973073e-01
1.617222428451941529e-01
1.617509101834670449e-01
1.617512935431183463e-01
1.617502136214349073e-01
1.617827636216156162e-01
1.616866589110718400e-01
1.617041948219806735e-01
1.617633060351022223e-01
1.617770788752020406e-01
1.617164825406500750e-01
1.617269329401750666e-01
1.617810189851031644e-01
1.617654411578429152e-01
1.616738491173855818e-01
1.617184006626531945e-01
1.617608785129741322e-01
1.617379662903637161e-01
1.616880988170392719e-01
1.616933601018945288e-01
1.616820929832222808e-01
1.617248655901617482e-01
1.618123318917425446e-01
1.616771392305046684e-01
1.617337276514541067e-01
1.617265854830600424e-01
1.616495320777878164e-01
1.616909064370849192e-01
1.617274287584770931e-01
1.617440635626631040e-01
1.617777220332073940e-01
1.616825864804815605e-01
1.617211161947636477e-01
1.617022807735325751e-01
1.617634307116571080e-01
1.617089958212383494e-01
1.617390068154002103e-01
1.617092028309443374e-01
1.617741390588372796e-01
1.616198675039024479e-01
1.617180770208166973e-01
1.617097383060221993e-01
1.616966786772710274e-01
1.617014478905390851e-01
1.616688630164497265e-01
1.617341671488178589e-01
1.616661561119901169e-01
1.617075927912750011e-01
1.616793841175862001e-01
1.617197577724726609e-01
1.616716557738160920e-01
1.617934249224272092e-01
1.616792971023728043e-01
1.617329591092707686e-01
1.616834764255608015e-01
1.616894761445500095e-01
1.616931246153359980e-01
1.616976792395827534e-01
1.617711351046765555e-01
1.617349393582814820e-01
1.616909531013594470e-01
1.617015295487881088e-01
1.616708206122613734e-01
1.616773590303438035e-01
1.617522140093817229e-01
1.617376601376915302e-01
1.616993324991782555e-01
1.617591817508849950e-01
1.616779032189334941e-01
1.616828502860550298e-01
1.616805012725003321e-01
1.617007756634646354e-01
1.616827445258666451e-01
1.617191867019403817e-01
1.617162224514729907e-01
1.616772602481198196e-01
1.617203841376323725e-01
1.616408301600935349e-01
1.616891836175230468e-01
1.617262549261772320e-01
1.616745776671132673e-01
1.616927853188002973e-01
1.617372745366597031e-01
1.617247297975438203e-01
1.616857314472414098e-01
1.616697979782846795e-01
1.616774113830162785e-01
1.617138795853433897e-01
1.617106431768279007e-01
1.616573551777727158e-01
1.617681088655462118e-01
1.616900646667521202e-01
1.617060836762872211e-01
1.617307161694575557e-01
1.616678491287902586e-01
1.617059766164633539e-01
1.616791968187948902e-01
1.617737836063532497e-01
1.617170010769704291e-01
1.617834027491033277e-01
1.617087684531713643e-01
1.617183107290465216e-01
1.616674325550584435e-01
1.617053170492773473e-01
1.617313107306435349e-01
1.617526839211071432e-01
1.616456861560695291e-01
1.617574758508205923e-01
1.617128362822470855e-01
1.617647609214759030e-01
1.616812636852611174e-01
1.617178592357310651e-01
1.616849079061259686e-01
1.616980334951406417e-01
1.617383590153239625e-01
1.616643145070504606e-01
1.617094483972139063e-01
1.617068789482107860e-01
1.617181077998123551e-01
1.616985563488828048e-01
1.617405115621610989e-01
1.617154320651402188e-01
1.616969732210220001e-01
1.617511348749649802e-01
1.616771313233232865e-01
1.616594855320658275e-01
1.616872991370569557e-01
1.616776096332042389e-01
1.617103072440791156e-01
1.616272175101602926e-01
1.616873136307691028e-01
1.617163744421780958e-01
1.617115624833648790e-01
1.617647408978319934e-01
1.617209111734180804e-01
1.616619217568950884e-01
1.616701550243338503e-01
1.616408161451156345e-01
1.617351861686848746e-01
1.617269906869242546e-01
1.616265513305669144e-01
1.617214240052900209e-01
1.616938313399663985e-01
1.616959610752311816e-01
1.617572901420012144e-01
1.616619254791344107e-01
1.617498734848128727e-01
1.617161467509596884e-01
1.616498180774898208e-01
1.617209479130534144e-01
1.616710572333671381e-01
1.616998935178965147e-01
1.617909086610962166e-01
1.616870829175579005e-01
1.616394240027428930e-01
1.616628640617289170e-01
1.616578080090916303e-01
1.617295837049806118e-01
1.617923655072718014e-01
1.617138336022366230e-01
1.617093416434996767e-01
1.616858181035194797e-01
1.617090740601673515e-01
1.616076611321896894e-01
1.616193642136813102e-01
1.616838300729912248e-01
1.617170158350589859e-01
1.617023284127697413e-01
1.617333887076357890e-01
1.616437884650174517e-01
1.616780175382377394e-01
1.616176848936270172e-01
1.617011387135064981e-01
1.616502755143831016e-01
1.616863073134264528e-01
1.617099236063435086e-01
1.616405926199598608e-01
1.616297718336139333e-01
1.617015405722446175e-01
1.617249163461003114e-01
1.616921076159530679e-01
1.616875883690211957e-01
1.616388711877596862e-01
1.616872149736653663e-01
1.616569824097040253e-01
1.616937111508310321e-01
1.617014260401300196e-01
1.617283518195918035e-01
1.617720985236722475e-01
1.617071536650702412e-01
1.616434012242321250e-01
1.617182560424742510e-01
1.617459410576526369e-01
1.616492042847232080e-01
1.616968484577094300e-01
1.616044774614038559e-01
