3.253800412576308143e-01
3.251936387035125886e-01
3.252501539766763927e-01
3.251329763244276139e-01
3.252415473910743038e-01
3.250752525135887083e-01
3.253306005512727750e-01
3.251551611671997244e-01
3.254274040926140588e-01
3.251784006113946912e-01
3.251837399873810375e-01
3.253710733123465482e-01
3.252558426410482872e-01
3.252648343884578241e-01
3.252434705291216699e-01
3.253285058864983648e-01
3.251474741895162834e-01
3.251578129355234825e-01
3.252105244707407250e-01
3.252076802471726702e-01
3.250762636160449137e-01
3.252805073129582114e-01
3.253464041484339098e-01
3.252168183756974917e-01
3.252672560877586938e-01
3.252757060855308580e-01
3.253087638279882343e-01
3.251282821060690331e-01
3.251483038813144377e-01
3.250918179338207481e-01
3.251001174007226435e-01
3.252970212476802847e-01
3.251719906248529690e-01
3.252004019496643195e-01
3.252468892471297446e-01
3.252959225413930566e-01
3.250232280152884345e-01
3.251782969582793781e-01
3.252432474580820854e-01
3.251837577551474623e-01
3.250084482256380136e-01
3.251535210160482192e-01
3.253003666354908341e-01
3.251677040934712881e-01
3.252673692150659934e-01
3.251162964767627672e-01
3.252732715651115991e-01
3.252107144999912824e-01
3.252522796144751149e-01
3.250906362159922125e-01
3.253571770941821040e-01
3.253299663345881054e-01
3.252256175906944047e-01
3.251698658096755512e-01
3.252443611002692192e-01
3.251774666952050863e-01
3.251946480994654665e-01
3.251932736443151062e-01
3.252053141754641663e-01
3.252658891820108811e-01
3.251856741658244454e-01
3.253716255636581178e-01
3.252158501528676915e-01
3.251266152217973660e-01
3.251743912807328329e-01
3.251183353310703184e-01
3.251732519749832573e-01
3.252584334025939716e-01
3.252122203419101076e-01
3.252285792855818536e-01
3.252370486033795416e-01
3.251380836955220510e-01
3.250729906679947767e-01
3.251861040825389515e-01
3.252117290561851726e-01
3.252438266388736343e-01
3.252527744022580825e-01
3.251406972134880946e-01
3.251678555274090110e-01
3.251080205557891900e-01
3.251105581600630123e-01
3.251517068400192056e-01
3.250965357044588444e-01
3.251792321724004675e-01
3.251540092527883119e-01
3.251968554804010592e-01
3.253053949873715434e-01
3.251446288462807033e-01
3.251751928427404903e-01
3.253252358968312108e-01
3.251211977750833593e-01
3.253526965002920823e-01
3.250900543319376057e-01
3.252782542485366801e-01
3.252682910645028347e-01
3.252646035281120396e-01
3.252238459020048156e-01
3.252028983701275577e-01
3.251653969607106731e-01
3.252117778458493702e-01
3.251938099110560088e-01
3.251752759298346951e-01
3.251501613458833706e-01
3.251715019162803033e-01
3.251233590535452245e-01
3.251117889852817577e-01
3.252364668236490952e-01
3.251223060464512593e-01
3.253233759459754904e-01
3.252719433041486585e-01
3.252886832088027202e-01
3.252326657152203038e-01
3.252605106826672032e-01
3.251450677469949757e-01
3.253142553270214621e-01
3.251899617430904499e-01
3.252487274634275893e-01
3.252509449758644311e-01
3.252983244219516124e-01
3.252381485639859737e-01
3.253309322250824698e-01
3.250819427242968573e-01
3.251007321392054283e-01
3.252127098853188625e-01
3.251970876226801810e-01
3.251361050099987327e-01
3.250751627031774338e-01
3.253075721518083330e-01
3.253471290383077585e-01
3.252908549920082715e-01
3.251304629868467799e-01
3.253282395142422789e-01
3.251684309369062831e-01
3.252115548391479316e-01
3.252528714586695457e-01
3.251825777344953816e-01
3.253112243807688708e-01
3.252085298353213916e-01
3.251140315761522070e-01
3.252732032900964576e-01
3.253189321143998280e-01
3.252947395723369550e-01
3.252459862534369250e-01
3.251892488995595243e-01
3.252313078690851067e-01
3.253574796990362228e-01
3.251196945103697611e-01
3.251507714954238737e-01
3.251998931339211696e-01
3.252221089147944721e-01
3.251423159826241638e-01
3.251923891353986629e-01
3.250885150841043569e-01
3.251802756918155679e-01
3.251368890243183096e-01
3.252011974511536674e-01
3.251573654294162563e-01
3.251274758465200754e-01
3.252031334544532304e-01
3.251533073573181776e-01
3.252221436455151049e-01
3.254046349691321338e-01
3.252891843119045667e-01
3.252782528148424612e-01
3.252964834959385931e-01
3.251559746341605162e-01
3.254015030741999048e-01
3.251279412464256335e-01
3.253495110055585338e-01
3.251048737738251870e-01
3.252807088582273520e-01
3.252346806154887693e-01
3.251865803131104293e-01
3.252978496202936221e-01
3.252227497108024501e-01
3.252094563798793581e-01
3.252045486256940898e-01
3.252309691475984144e-01
3.252570611212428631e-01
3.251135473231669959e-01
3.252177006184701624e-01
3.251890483383683139e-01
3.252200013664544587e-01
3.251913425179888684e-01
3.251629540358319526e-01
3.253156980313343660e-01
3.252581537103742537e-01
3.250888675843501829e-01
3.250683024153122602e-01
3.252319772882428794e-01
3.251703680051927225e-01
3.252337345708897764e-01
3.253812463193752058e-01
3.250264165093611490e-01
3.250732559814200062e-01
3.251267863571405958e-01
3.252375536773112197e-01
3.251839453950357006e-01
3.252261084036361383e-01
3.253234543055001371e-01
3.253307469712426458e-01
3.253717083500740070e-01
3.251603757027008990e-01
3.252996413041821522e-01
3.253020718313280879e-01
3.251836307393657921e-01
3.253886176402115415e-01
3.253063467758703364e-01
3.252767662905179935e-01
3.252327415753901163e-01
3.253023799977248220e-01
3.252278410247589346e-01
3.252300818323543563e-01
3.253688005674735817e-01
3.250790465849840438e-01
3.251399261932659823e-01
3.252409409828811993e-01
3.252763796742850766e-01
3.254001381092188061e-01
3.252512522965970709e-01
3.253689440985897963e-01
3.253761670622542512e-01
3.251699556225768339e-01
3.253005868483376251e-01
3.254077504682317823e-01
3.251339026078191030e-01
3.252597933701217303e-01
3.253368905301241565e-01
3.253077806492341573e-01
3.252655925625851374e-01
3.252891115216698381e-01
3.253939624656815299e-01
3.252855567207680321e-01
3.251549315686710351e-01
3.252340438069898920e-01
3.252147960208670030e-01
3.252676804376961051e-01
3.251834961793594880e-01
3.252843208608670045e-01
3.252845958069233157e-01
3.251949381781431003e-01
3.252694794914548493e-01
3.253126685671033358e-01
3.250944455709582903e-01
3.253271911539409866e-01
3.252735375376221705e-01
3.253347655514989278e-01
3.253287003891243701e-01
3.252352930358227701e-01
3.252579673297288365e-01
3.252252517888924999e-01
3.253451603172762829e-01
3.253383579404034442e-01
3.253381943143690558e-01
3.251673876813722663e-01
3.252142389377312703e-01
3.253860998222589118e-01
3.255671798858707500e-01
3.253754426763295071e-01
3.253640527601511234e-01
3.252944271873415283e-01
3.251292860811153540e-01
3.252926980420333680e-01
3.252625396354127396e-01
3.252395124391254111e-01
3.252726233743931661e-01
3.252693563176725644e-01
3.251736404619877674e-01
3.254010026092579166e-01
3.252094250983039725e-01
3.252510700478868921e-01
3.253125797928458907e-01
3.252569740709725932e-01
3.252587983232009816e-01
3.252802856920398167e-01
3.253408842392223055e-01
3.253011933823945490e-01
3.253430125291817410e-01
3.251908703011639479e-01
3.253244887595871382e-01
3.251816847273066302e-01
3.253351154513428600e-01
3.252374598077264478e-01
3.253832955643265468e-01
3.251545822225969107e-01
3.252266617483974276e-01
3.251881377737435019e-01
3.252595203593567352e-01
3.250861683342023412e-01
3.253093077474488726e-01
3.251680702871243556e-01
3.252114000772833302e-01
3.254665513514567454e-01
3.255081503525147912e-01
3.252594519353336766e-01
3.254947890210296291e-01
3.253145095647577145e-01
3.252578047579157139e-01
3.253194714514031638e-01
3.252550369737803870e-01
3.252547828888227577e-01
3.253157996036032951e-01
3.254203691474459315e-01
3.253705950643959732e-01
3.252443097075837786e-01
3.253017587359284812e-01
3.253558461703550120e-01
3.252458969146774792e-01
3.253411289432333042e-01
3.253014542772612594e-01
3.254305607657529964e-01
3.252324327830967143e-01
3.253521657216562057e-01
3.253822633336775905e-01
3.253302758293616925e-01
3.252914778600265455e-01
3.255322270825226072e-01
3.253695084245964431e-01
3.253547296710782577e-01
3.251969021867862630e-01
3.252615440262566771e-01
3.252450491977166291e-01
3.251871582919656500e-01
3.253077270618812133e-01
3.253131114038325666e-01
3.254221833533388342e-01
3.253643209709508599e-01
3.253485693568736736e-01
3.251787223375939284e-01
3.253355788884438882e-01
3.253744535810672578e-01
3.252372901173655739e-01
3.253123701516434929e-01
3.253320352396977810e-01
3.253911387313246917e-01
3.253337648788877101e-01
3.254064821948909891e-01
3.254484991497430535e-01
3.252519356446146315e-01
3.255011077281637633e-01
3.254259852125097607e-01
3.253213118270514292e-01
3.252606361632520704e-01
3.253671254541552482e-01
3.254679444751581996e-01
3.253993240476211746e-01
3.253159909830974361e-01
3.254108455516299125e-01
3.254734478677189791e-01
3.253952500072717635e-01
3.253783908616720844e-01
3.253237094870758406e-01
3.254111078284545044e-01
3.253521997865714832e-01
3.254728148817639943e-01
3.254908230526860069e-01
3.255152400679724445e-01
3.253973512896374820e-01
3.254348333713670272e-01
3.255867617767185251e-01
3.253578108285986592e-01
3.255625200442973100e-01
3.256329114654227253e-01
3.254563832610914420e-01
3.255901762887201678e-01
3.255192265225519965e-01
3.255213253674825724e-01
3.254555389348759431e-01
3.255462509669899696e-01
3.254781568577127526e-01
3.256740740072065488e-01
3.256378332558177990e-01
3.255898454656088181e-01
3.257144863065432050e-01
3.256614062762782091e-01
3.256134066901658630e-01
3.256291128361121223e-01
3.257779523370736285e-01
3.255840061151471510e-01
3.257687555967468951e-01
3.256181149630105742e-01
3.257179403405395246e-01
3.257444203095349877e-01
3.258147720999928776e-01
3.257727728040612503e-01
3.257053457338686120e-01
3.257957133416105044e-01
3.258217546763401140e-01
3.257021902361817989e-01
3.257202940727133567e-01
3.256306414735166133e-01
3.259240473913458391e-01
3.257306691400545517e-01
3.255743448961507247e-01
3.256702277542029011e-01
3.258255048724553737e-01
3.256043405506852118e-01
3.257832995520472119e-01
3.256880082645234320e-01
3.256378178621364139e-01
3.257272839519680385e-01
3.258035396976623477e-01
3.256489400964611702e-01
3.255530782894816566e-01
3.256357640802332032e-01
3.256477711496465477e-01
3.256572348466385547e-01
3.258646515135578126e-01
3.256273801294858883e-01
3.255829724854610308e-01
3.255432400269709925e-01
3.256277706737777944e-01
3.255594637137411151e-01
3.256752863666700359e-01
3.257044645478742173e-01
3.255516562946608183e-01
3.256170808580673981e-01
3.255541391941144669e-01
3.255060009970712764e-01
3.255469035993808768e-01
3.257125025866252632e-01
3.256754682578471005e-01
3.255096586839466566e-01
3.255551942357490791e-01
3.257257947297235723e-01
3.255812969002034873e-01
3.256729200549456360e-01
3.254754958411588128e-01
3.254969634446716609e-01
3.255173919099759727e-01
3.256226605381802308e-01
3.255450125410530582e-01
3.254110331537777290e-01
3.256546595090576979e-01
3.257531518338867005e-01
3.254646080993906510e-01
3.257378798222097527e-01
3.256496101695116052e-01
3.255860586587527861e-01
3.256788942688448318e-01
3.257280311279822094e-01
3.257422301878777904e-01
3.257729984747467777e-01
3.255669684062935110e-01
3.258592601575980297e-01
3.258706038076489286e-01
3.257767208908516343e-01
3.258202266235043498e-01
3.258738552817067591e-01
3.257541768980807273e-01
3.257798202496764439e-01
3.258391115446319652e-01
3.257766930436376551e-01
3.258285157068360194e-01
3.260133190531893654e-01
3.259279376351554847e-01
3.256480364693594698e-01
3.256742141633899856e-01
3.258552017831707892e-01
3.258548279921117952e-01
3.257077943220763050e-01
3.258562204827509245e-01
3.258236854074590960e-01
3.259086029737775503e-01
3.258425147451604609e-01
3.258751531317743422e-01
3.259327767633678485e-01
3.260344626558782655e-01
3.259040093032459229e-01
3.261119909793294136e-01
3.260665967553832978e-01
3.259607075928303010e-01
3.260094556957179313e-01
3.260686836422763135e-01
3.260623870478882580e-01
3.261810612415571575e-01
3.262949672963004200e-01
3.261315106947236808e-01
3.260852545518007073e-01
3.261960730762111238e-01
3.263522749186312244e-01
3.262529786830565826e-01
3.264504579765067360e-01
3.260776058524036403e-01
3.262645445937361610e-01
3.260396827242927897e-01
3.262861313958199672e-01
3.261966704224433244e-01
3.262875134846338621e-01
3.263096536040641649e-01
3.262264726840563012e-01
3.262507848364385454e-01
3.263110203794211683e-01
3.263347377467907817e-01
3.261613173226590168e-01
3.262901082985258383e-01
3.261282541437489635e-01
3.264036261662062177e-01
3.263256971117957095e-01
3.264360841368137978e-01
3.265166900974220687e-01
3.261851942441570396e-01
3.264725052013532913e-01
3.264202907510143636e-01
3.265726376098608275e-01
3.264244270902492695e-01
3.264459743458147933e-01
3.263161090637796136e-01
3.264407688775919358e-01
3.265890703961486508e-01
3.265287944866980263e-01
3.264754644429088137e-01
3.264820030898347714e-01
3.266323263373948071e-01
3.263420552573431110e-01
3.262641628843160890e-01
3.263797560913491158e-01
3.263465198613819673e-01
3.262889938934084855e-01
3.262047767241169627e-01
3.263021213735947668e-01
3.262739953403321902e-01
3.262160946117374505e-01
3.261426570371876998e-01
3.262986944651974919e-01
3.261248658257004385e-01
3.263053922678342822e-01
3.261289814680744525e-01
3.260665816283039309e-01
3.261377846283008974e-01
3.261277576764655683e-01
3.260880582033680031e-01
3.261827670793528422e-01
3.262261288986112451e-01
3.261222183978744193e-01
3.261918400503230342e-01
3.260727521001304807e-01
3.261511375709781335e-01
3.261101431336879686e-01
3.260849743835200210e-01
3.261182957258987325e-01
3.262387219430882279e-01
3.263044444944033229e-01
3.262447349434921540e-01
3.263103954006392748e-01
3.261986164853739045e-01
3.263088513554298076e-01
3.262551740816447277e-01
3.263079252581073120e-01
3.261651580587884847e-01
3.262842401796161029e-01
3.262813577022321554e-01
3.264872707657313633e-01
3.263499945575850103e-01
3.264107297454278411e-01
3.263921211423973512e-01
3.263368010380368056e-01
3.263458875704778883e-01
3.264032356517804212e-01
3.264675124486135505e-01
3.264659180321112797e-01
3.266748005984796421e-01
3.265835576046525190e-01
3.266875521021891937e-01
3.266271910296609238e-01
3.266952175113378987e-01
3.268072167880897161e-01
3.267560958331688359e-01
3.267138387600990734e-01
3.268282885245562541e-01
3.269802318292734933e-01
3.269018222475109092e-01
3.269671008037070559e-01
3.271670694940561619e-01
3.273205848543755403e-01
3.270772430990209756e-01
3.271164205973022265e-01
3.273882152865141282e-01
3.274295226550683613e-01
3.274830901350894163e-01
3.276531101624289288e-01
3.277002654540952520e-01
3.278497102515418593e-01
3.278488026403222899e-01
3.281201685879832630e-01
3.283881330869934945e-01
3.287453309714475913e-01
3.291949544070103539e-01
3.296072109729899502e-01
3.301545884072017989e-01
3.306892647212754666e-01
3.310216935617594225e-01
3.313403367758120388e-01
3.316758082677049857e-01
3.317690225902416024e-01
3.319271500062355718e-01
3.318490351076197054e-01
3.316464931583479325e-01
3.317671198746431349e-01
3.316615503098492845e-01
3.314232509705391516e-01
3.316497691977681184e-01
3.317105456573606892e-01
3.318480873749635740e-01
3.318449866396155912e-01
3.314867523354945722e-01
3.310789416834720167e-01
3.306109440129523791e-01
3.301338114143400060e-01
3.298842633842974936e-01
3.295068829311119107e-01
3.289994702693391782e-01
3.285895353264753904e-01
3.284895388181905407e-01
3.283946437790677964e-01
3.282232779634817188e-01
3.280358682119499103e-01
3.278960351316516642e-01
3.277584022105493045e-01
3.276107339829421039e-01
3.275787980450954873e-01
3.273478262795850302e-01
3.271664275493340601e-01
3.272024504248547405e-01
3.270294434841325981e-01
3.270373720404700646e-01
3.268185452680366088e-01
3.267784838630181654e-01
3.266347330602601962e-01
3.265449059526573938e-01
3.264732028524126584e-01
3.263446572813221702e-01
3.264522712880509880e-01
3.262644188888246810e-01
3.262583639431448912e-01
3.261230315041880878e-01
3.261721569041329261e-01
3.261769465242159161e-01
3.262065652637627933e-01
3.261544761821574268e-01
3.260532619219890793e-01
3.260797842441540695e-01
3.261001162653719421e-01
3.260183335024058326e-01
3.260677475333206843e-01
3.261056076578030538e-01
3.260126961910937982e-01
3.260097996166534950e-01
3.258745709230432830e-01
3.259212482056002558e-01
3.258205230009144637e-01
3.260047140845130365e-01
3.257475417577941901e-01
3.258289323887768041e-01
3.259472621050464869e-01
3.258823946313614273e-01
3.258943958514457506e-01
3.256639405426699496e-01
3.260291741262334453e-01
3.258678209748425147e-01
3.259028189962294708e-01
3.259151987502765246e-01
3.256760522690172466e-01
3.256914014325929529e-01
3.256444962933943699e-01
3.257854510453650487e-01
3.258910076175277060e-01
3.257184873888938070e-01
3.258828519536354773e-01
3.257900821322793350e-01
3.258186899426792071e-01
3.257694597192666852e-01
3.258482405134452975e-01
3.257964513206782486e-01
3.258261482775794970e-01
3.258714172158796440e-01
3.258367049905804280e-01
3.258323568543693427e-01
3.258281347826609831e-01
3.260154252087797411e-01
3.259699276518701061e-01
3.260081197172232104e-01
3.260431698337483142e-01
3.260338866106885503e-01
3.260356024596728353e-01
3.261169440496378136e-01
3.260866428165877240e-01
3.258957184406394703e-01
3.259882999792898528e-01
3.260742669794275406e-01
3.259374001026640322e-01
3.259744617530318522e-01
3.258386784242712220e-01
3.262222282188562694e-01
3.260758570963675496e-01
3.259511211459472646e-01
3.259550850832855784e-01
3.258802855160463086e-01
3.260079171865989389e-01
3.260784919035214502e-01
3.259958429443982064e-01
3.259415477913793491e-01
3.258531803976481567e-01
3.256948395622412673e-01
3.256896559167987704e-01
3.258779949865897585e-01
3.257394453593682182e-01
3.257542176023562330e-01
3.258675488948581944e-01
3.257449403368675722e-01
3.256520161516908152e-01
3.258284311350882478e-01
3.258919936605245149e-01
3.257128888019423796e-01
3.258282366474419267e-01
3.258048755721394407e-01
3.258804700045906388e-01
3.257077583144170618e-01
3.256669705467875042e-01
3.256732502772471949e-01
3.256708283450111541e-01
3.257387665540356636e-01
3.257860167194674972e-01
3.256376162083118864e-01
3.257444269486439170e-01
3.256987206523893064e-01
3.257380647651333394e-01
3.258257401972132761e-01
3.258008288829483678e-01
3.257880642263728532e-01
3.257444347704812615e-01
3.257932817369922907e-01
3.258859013734641819e-01
3.259494080983125208e-01
3.258493686523483701e-01
3.259461835535643615e-01
3.259148175648854395e-01
3.258467971346768466e-01
3.258378028147808636e-01
3.258603080533026830e-01
3.259013101254683575e-01
3.259235781827911627e-01
3.257680085932847525e-01
3.257546087588514827e-01
3.258064164412206032e-01
3.257245594679674117e-01
3.257298276316054064e-01
3.257496123190650739e-01
3.258043099289521516e-01
3.257223919640870324e-01
3.257934009224388583e-01
3.256301802448196003e-01
3.258297714214069551e-01
3.257905325557335363e-01
3.256883475198343314e-01
3.257449924932742658e-01
3.256760977202554641e-01
3.256153269935172512e-01
3.255788291673136770e-01
3.255494017319681688e-01
3.256844889003039922e-01
3.257749420592402911e-01
3.256295993864044003e-01
3.254915056181832966e-01
3.255009163721581666e-01
3.255250849224614607e-01
3.254896074380599358e-01
3.256496422074686703e-01
3.254991258863129122e-01
3.255579536490795234e-01
3.254386601883894059e-01
3.254553848612977696e-01
3.254687534141160743e-01
3.255511661530084977e-01
3.255590670962427158e-01
3.256904758295607327e-01
3.254968461717782091e-01
3.256346450665293379e-01
3.256392083050604902e-01
3.256419516083126076e-01
3.254843380244674678e-01
3.256581637196775958e-01
3.254742250790509384e-01
3.255800082756750702e-01
3.256037433676053916e-01
3.255010125264896081e-01
3.252953283119687788e-01
3.253726399836398553e-01
3.253274383248578316e-01
3.253579905569133901e-01
3.253909491860410563e-01
3.253428557258680742e-01
3.255504940078230436e-01
3.256387197507392139e-01
3.254813960453710187e-01
3.252058960342994465e-01
3.253692240048844386e-01
3.252478045011271690e-01
3.254417088836998873e-01
3.253829306110714858e-01
3.252981581465612670e-01
3.253839024856404749e-01
3.252952199096326158e-01
3.254645255611015586e-01
3.253362481625056701e-01
3.255132626936702578e-01
3.255521676448211998e-01
3.253555696093441418e-01
3.254942639688334638e-01
3.255226805027472414e-01
3.254574270348880582e-01
3.254720388252979046e-01
3.252504651365175636e-01
3.254077513171585445e-01
3.253540927572890484e-01
3.255275050089321831e-01
3.252762813240577811e-01
3.253244168738458342e-01
3.253016063618367482e-01
3.253745921175397737e-01
3.255668627156078632e-01
3.253015165556331079e-01
3.254058925086513177e-01
3.253211015471812462e-01
3.252674107491355660e-01
3.253453356888731940e-01
3.252849151556828633e-01
3.254271677873881718e-01
3.252042643898781504e-01
3.252661881668387767e-01
3.253351261486718271e-01
3.253308976439164280e-01
3.253337485979744814e-01
3.254049649966415103e-01
3.252128484226461946e-01
3.252289700523547933e-01
3.253735310679813364e-01
3.253859288036350939e-01
3.252626125807435153e-01
3.252811771387276729e-01
3.253933287817122322e-01
3.253648463545665837e-01
3.251876131565529793e-01
3.252746295165026003e-01
3.253573290622274738e-01
3.253080493506276261e-01
3.252211389352008819e-01
3.252261050058441461e-01
3.251963499037737182e-01
3.252774060460362215e-01
3.254447235746736333e-01
3.251833649867918452e-01
3.253009851854722911e-01
3.252936774449429191e-01
3.251359155988494121e-01
3.252139182949557172e-01
3.252824892254407296e-01
3.253168809405207473e-01
3.253792678111157022e-01
3.252026996306797701e-01
3.252845843072060816e-01
3.252342758853212223e-01
3.253596991804446614e-01
3.252499024929063065e-01
3.253131803715866299e-01
3.252587399982256322e-01
3.253745718535159814e-01
3.250874895045315904e-01
3.252717707508943623e-01
3.252556506276195747e-01
3.252196151667762769e-01
3.252245342035821052e-01
3.251900994789736488e-01
3.252867636108514593e-01
3.251702037661347577e-01
3.252537742902193996e-01
3.251915169566743646e-01
3.252776196281454424e-01
3.251717982036262389e-01
3.254180965817009552e-01
3.251998398912949728e-01
3.253048259757331806e-01
3.252037564820198234e-01
3.252135037764515846e-01
3.252313210918821862e-01
3.252317369083445042e-01
3.253805628081745116e-01
3.253216160715663441e-01
3.252184408953365247e-01
3.252257512748047974e-01
3.251718829871645955e-01
3.251761361330996469e-01
3.253352382496858541e-01
3.253087394375927532e-01
3.252281039685223085e-01
3.253554121906032659e-01
3.251960650856723922e-01
3.251945770722534657e-01
3.251896160375920553e-01
3.252485016715662702e-01
3.251870895348789037e-01
3.252820050554358633e-01
3.252685074505680674e-01
3.251779099310028176e-01
3.252704522856557645e-01
3.251010871179307871e-01
3.252138057283610606e-01
3.252846663131181981e-01
3.251671276040234426e-01
3.252116276999659217e-01
3.253019388175571458e-01
3.252902837172275685e-01
3.252283213474546075e-01
3.251712973723756561e-01
3.251852402812561715e-01
3.252528271255430425e-01
3.252604904636798855e-01
3.251434209004182008e-01
3.253610423847224653e-01
3.252072894759005517e-01
3.252425849032177796e-01
3.252753324885025443e-01
3.251639019386738383e-01
3.252341380480755495e-01
3.251972493920800567e-01
3.253721637674832357e-01
3.252639020192347186e-01
3.253863662406699664e-01
3.252540214596737478e-01
3.252675797025151860e-01
3.251686140544230996e-01
3.252645817238609682e-01
3.252819882426775666e-01
3.253478686061070935e-01
3.251176655107358981e-01
3.253484659336480234e-01
3.252562198226836565e-01
3.253555617456652116e-01
3.252032181710630687e-01
3.252631262738748252e-01
3.252082275398880951e-01
3.252299837020037887e-01
3.253058312174741951e-01
3.251526541918237090e-01
3.252505405134226701e-01
3.252512287731275098e-01
3.252625609470135570e-01
3.252262337248975621e-01
3.253223649461082223e-01
3.252813401616690969e-01
3.252260966295582034e-01
3.253203117667972655e-01
3.252019537424231110e-01
3.251517151128999750e-01
3.252036847879550829e-01
3.251857031023457911e-01
3.252540952550608266e-01
3.250811392339881811e-01
3.252038695490067077e-01
3.252711981968807731e-01
3.252665965227309330e-01
3.253547788154310672e-01
3.252878365918408510e-01
3.251665914011239722e-01
3.251860148260380390e-01
3.251116757528095813e-01
3.253109404496841717e-01
3.252851414619014614e-01
3.250828399607678110e-01
3.252817225768986353e-01
3.252175760578686070e-01
3.252150967526972747e-01
3.253414064908147219e-01
3.251569493125402999e-01
3.253300371006222491e-01
3.252659978344697445e-01
3.251332503549742570e-01
3.252741169327312276e-01
3.251691830811721529e-01
3.252334198958967137e-01
3.254166186572315933e-01
3.252093686756851731e-01
3.251225810609684741e-01
3.251661570798614620e-01
3.251453416555138420e-01
3.252928990893952377e-01
3.254252969095101089e-01
3.252563309368389222e-01
3.252526686014188817e-01
3.252118289226414438e-01
3.252473198290226630e-01
3.250578135691957193e-01
3.250722945120599894e-01
3.252039867243102234e-01
3.252802179155668827e-01
3.252410614218069207e-01
3.252968468392209989e-01
3.251155307558604157e-01
3.251914819550321134e-01
3.250481378751891026e-01
3.252465592277253292e-01
3.251330730510805789e-01
3.252051852972037693e-01
3.252760975999481885e-01
3.251031295838096025e-01
3.250945092414417315e-01
3.252321397639689748e-01
3.252756242579647461e-01
3.252129275449179846e-01
3.252094199998350477e-01
3.251105874049073918e-01
3.252237817518043306e-01
3.251405641567007287e-01
3.252221981176077192e-01
3.252454830673547903e-01
3.253062980376159041e-01
3.253742242985613320e-01
3.252477441162522909e-01
3.251122429855580753e-01
3.252745694192634152e-01
3.253248174389911651e-01
3.251328303507125539e-01
3.252097929551208688e-01
3.250426837780445166e-01
