7.941020
7.940989
7.940844
7.941008
7.940788
7.940872
7.941065
7.941000
7.941000
7.940972
7.940917
7.940951
7.940982
7.941027
7.940921
7.941026
7.940796
7.940948
7.941067
7.940754
7.940792
7.941146
7.940944
7.940941
7.941028
7.941049
7.940947
7.940756
7.940783
7.940724
7.941069
7.940886
7.940904
7.940917
7.941043
7.940699
7.940841
7.940986
7.940879
7.940655
7.940837
7.940964
7.940973
7.940905
7.940869
7.940969
7.940980
7.940896
7.940889
7.941060
7.941133
7.940860
7.940831
7.941020
7.940896
7.940882
7.940961
7.940969
7.940906
7.941040
7.940944
7.940986
7.940838
7.940874
7.940804
7.940855
7.940947
7.940976
7.940997
7.940808
7.940673
7.940932
7.940907
7.940912
7.940954
7.940847
7.940901
7.940770
7.940819
7.940821
7.940755
7.940886
7.940827
7.940884
7.941023
7.940875
7.940933
7.941005
7.940883
7.941040
7.940798
7.940980
7.940972
7.941006
7.940977
7.940966
7.940860
7.940822
7.940969
7.940765
7.940900
7.940919
7.940695
7.940947
7.940852
7.940975
7.941024
7.940921
7.941088
7.940972
7.940835
7.941096
7.940914
7.940899
7.940988
7.941026
7.941045
7.940961
7.940769
7.940775
7.940845
7.940914
7.940830
7.940732
7.941113
7.941077
7.940999
7.940822
7.941106
7.940869
7.941034
7.940902
7.940901
7.941027
7.940847
7.940849
7.941046
7.941008
7.940981
7.941046
7.940850
7.941102
7.940901
7.940835
7.940951
7.940879
7.940880
7.940801
7.940867
7.940902
7.940866
7.940857
7.940916
7.940852
7.940897
7.940841
7.940894
7.941159
7.941011
7.941011
7.941033
7.940843
7.941137
7.940825
7.941097
7.940728
7.941061
7.940883
7.941000
7.941000
7.940959
7.940849
7.940932
7.940945
7.940952
7.940835
7.940901
7.940984
7.940801
7.940922
7.940913
7.941139
7.940827
7.940767
7.940806
7.940863
7.940948
7.941086
7.940929
7.940685
7.940754
7.940823
7.940855
7.940958
7.941105
7.941063
7.941115
7.940906
7.940870
7.941189
7.940851
7.941101
7.941116
7.940963
7.940995
7.941076
7.940922
7.940956
7.941111
7.940780
7.940826
7.940892
7.941137
7.941098
7.941036
7.941120
7.941122
7.940837
7.941105
7.941131
7.940875
7.941028
7.941088
7.941051
7.940967
7.941043
7.941265
7.940865
7.941028
7.940849
7.940899
7.940998
7.940946
7.940858
7.941123
7.940913
7.940929
7.940905
7.941031
7.940948
7.940989
7.941158
7.940989
7.940906
7.940955
7.941201
7.941043
7.941074
7.940843
7.940911
7.941147
7.941375
7.941206
7.941015
7.941060
7.940829
7.940990
7.941010
7.941085
7.940878
7.941023
7.940954
7.941107
7.940941
7.941059
7.941049
7.940976
7.940966
7.940993
7.941047
7.941086
7.941027
7.940937
7.941033
7.940896
7.941023
7.941177
7.940933
7.940820
7.940943
7.940889
7.940857
7.941027
7.940881
7.940918
7.941170
7.941396
7.940980
7.941280
7.941085
7.940994
7.941051
7.940975
7.941014
7.941022
7.941138
7.941109
7.940921
7.941131
7.941117
7.940928
7.941111
7.940969
7.941187
7.941029
7.941211
7.940991
7.941081
7.941083
7.941414
7.941087
7.940990
7.941019
7.940990
7.940923
7.941054
7.941027
7.941044
7.941291
7.941070
7.940979
7.940961
7.941053
7.941022
7.941131
7.941053
7.941175
7.941058
7.941205
7.941156
7.941050
7.941324
7.941190
7.941049
7.941006
7.941087
7.941261
7.941157
7.941069
7.941292
7.941207
7.941175
7.941183
7.940987
7.941207
7.941098
7.941248
7.941410
7.941239
7.941158
7.941378
7.941287
7.941327
7.941303
7.941324
7.941451
7.941237
7.941481
7.941233
7.941335
7.941332
7.941428
7.941438
7.941543
7.941591
7.941459
7.941429
7.941567
7.941689
7.941317
7.941622
7.941546
7.941635
7.941625
7.941710
7.941652
7.941598
7.941694
7.941693
7.941577
7.941613
7.941495
7.941875
7.941603
7.941413
7.941585
7.941732
7.941475
7.941650
7.941679
7.941392
7.941724
7.941568
7.941468
7.941418
7.941546
7.941450
7.941677
7.941604
7.941578
7.941380
7.941351
7.941554
7.941409
7.941499
7.941469
7.941348
7.941479
7.941326
7.941520
7.941457
7.941572
7.941400
7.941323
7.941519
7.941486
7.941535
7.941334
7.941307
7.941324
7.941472
7.941324
7.941246
7.941518
7.941573
7.941371
7.941603
7.941499
7.941589
7.941455
7.941683
7.941651
7.941450
7.941544
7.941864
7.941736
7.941657
7.941797
7.941736
7.941655
7.941774
7.941702
7.941783
7.941764
7.941872
7.941693
7.941557
7.941793
7.941638
7.941640
7.941798
7.941762
7.941832
7.941741
7.941815
7.941850
7.942040
7.941891
7.942089
7.942052
7.941935
7.942034
7.942078
7.942035
7.942252
7.942330
7.942128
7.942159
7.942286
7.942402
7.942413
7.942396
7.942202
7.942257
7.942006
7.942421
7.942308
7.942295
7.942298
7.942386
7.942265
7.942465
7.942152
7.942346
7.942209
7.942462
7.942364
7.942449
7.942679
7.942380
7.942448
7.942609
7.942678
7.942580
7.942558
7.942406
7.942584
7.942716
7.942758
7.942588
7.942621
7.942775
7.942519
7.942310
7.942505
7.942413
7.942325
7.942279
7.942386
7.942285
7.942253
7.942195
7.942394
7.942138
7.942342
7.942045
7.942116
7.942214
7.942064
7.942136
7.942289
7.942134
7.942166
7.942223
7.941994
7.942065
7.942281
7.942043
7.942186
7.942305
7.942381
7.942374
7.942264
7.942346
7.942391
7.942259
7.942308
7.942319
7.942342
7.942638
7.942380
7.942474
7.942540
7.942417
7.942412
7.942538
7.942592
7.942592
7.942901
7.942659
7.942937
7.942703
7.942884
7.943074
7.943042
7.942891
7.943169
7.943271
7.943122
7.943362
7.943524
7.943584
7.943379
7.943719
7.943779
7.943909
7.944062
7.944161
7.944354
7.944400
7.944609
7.944957
7.945377
7.945973
7.946664
7.947221
7.948007
7.948328
7.949080
7.949359
7.949607
7.949712
7.949755
7.949457
7.949573
7.949447
7.949162
7.949454
7.949528
7.949706
7.949668
7.949202
7.948594
7.947982
7.947417
7.947119
7.946482
7.945795
7.945338
7.945243
7.945130
7.944820
7.944657
7.944424
7.944269
7.944073
7.943983
7.943552
7.943581
7.943518
7.943324
7.943139
7.943014
7.942915
7.942708
7.942645
7.942485
7.942515
7.942283
7.942368
7.942210
7.942164
7.942279
7.942222
7.942204
7.941990
7.942176
7.942035
7.942037
7.942018
7.942081
7.941990
7.942050
7.941741
7.941869
7.941765
7.941994
7.941577
7.941678
7.941909
7.941785
7.941847
7.941603
7.941950
7.941813
7.941838
7.941855
7.941402
7.941464
7.941662
7.941815
7.941679
7.941600
7.941670
7.941753
7.941725
7.941733
7.941779
7.941790
7.941746
7.941810
7.941737
7.941748
7.941932
7.941904
7.942031
7.942022
7.942040
7.942067
7.942119
7.942078
7.941864
7.941972
7.942097
7.941910
7.941935
7.941825
7.942175
7.942135
7.941946
7.941821
7.941890
7.941932
7.942132
7.941854
7.941926
7.941617
7.941717
7.941598
7.941726
7.941715
7.941724
7.941662
7.941689
7.941552
7.941767
7.941713
7.941628
7.941744
7.941715
7.941686
7.941586
7.941571
7.941474
7.941620
7.941602
7.941610
7.941686
7.941452
7.941769
7.941707
7.941645
7.941732
7.941579
7.941708
7.941778
7.941935
7.941746
7.941916
7.941786
7.941800
7.941766
7.941793
7.941787
7.941892
7.941623
7.941716
7.941639
7.941643
7.941687
7.941604
7.941708
7.941714
7.941508
7.941603
7.941810
7.941541
7.941612
7.941686
7.941448
7.941419
7.941329
7.941553
7.941628
7.941512
7.941411
7.941258
7.941375
7.941226
7.941506
7.941302
7.941475
7.941285
7.941194
7.941318
7.941332
7.941381
7.941581
7.941325
7.941495
7.941509
7.941445
7.941282
7.941576
7.941282
7.941459
7.941398
7.941285
7.941049
7.941052
7.941120
7.941147
7.941145
7.941290
7.941330
7.941443
7.941153
7.941015
7.941026
7.941082
7.941166
7.941110
7.941193
7.940999
7.941226
7.941093
7.941336
7.941322
7.941121
7.941312
7.941337
7.941230
7.941292
7.941072
7.941080
7.941114
7.941416
7.940943
7.941055
7.941058
7.941151
7.941387
7.941056
7.941129
7.941089
7.941047
7.941111
7.941100
7.941103
7.940920
7.940933
7.941112
7.941064
7.941194
7.941068
7.940982
7.941034
7.941138
7.940925
7.941113
7.941057
7.941201
7.940872
7.940877
7.941124
7.941083
7.940891
7.941092
7.940886
7.940902
7.941254
7.940828
7.941103
7.941004
7.940974
7.940913
7.940959
7.941017
7.941155
7.940950
7.940938
7.940953
7.941134
7.940987
7.941061
7.940970
7.941122
7.940720
7.940983
7.940990
7.940842
7.940981
7.940861
7.941020
7.940968
7.940907
7.941026
7.940931
7.940900
7.941211
7.940941
7.940895
7.940957
7.940799
7.941025
7.941056
7.941057
7.941092
7.940892
7.940834
7.940796
7.941191
7.940865
7.941063
7.941040
7.940872
7.940974
7.940869
7.940994
7.940909
7.941005
7.940983
7.940871
7.941014
7.940747
7.940895
7.940996
7.940886
7.940924
7.941002
7.941010
7.940906
7.940950
7.940919
7.940967
7.940956
7.940829
7.941174
7.940954
7.940963
7.940921
7.940957
7.940845
7.940966
7.941136
7.941039
7.941090
7.940957
7.941013
7.940860
7.941000
7.941097
7.940885
7.941042
7.940914
7.941154
7.941087
7.940852
7.940977
7.940975
7.941011
7.940861
7.940935
7.941003
7.940991
7.940936
7.941084
7.941030
7.940923
7.941018
7.940967
7.940826
7.940875
7.940928
7.940868
7.940904
7.940881
7.941000
7.940991
7.941176
7.940975
7.940889
7.940794
7.940917
7.940974
7.940951
7.940827
7.941118
7.940724
7.941048
7.940968
7.940953
7.941050
7.940920
7.940906
7.941015
7.940848
7.940959
7.941080
7.940859
7.940766
7.940864
7.941008
7.941190
7.941048
7.940985
7.940877
7.940979
7.940702
7.940749
7.940925
7.941017
7.940900
7.941028
7.940846
7.940835
7.940746
7.941045
7.940828
7.940989
7.941023
7.940640
7.940786
7.940852
7.941133
7.940829
7.940905
7.940824
7.940917
7.940834
7.940952
7.941012
7.941086
7.940982
7.940913
7.940915
7.940924
7.941014
7.940863
7.940928
